bias: [-5.5821, 2.3666, 0, 0.114641666785, 0.270350000635, -0.00199166673022]
gripper_com_frame_id: /tool0
gripper_com_pose: [0.0, 0.0, 0.0, 0.0, 0.0, 0.0]
gripper_mass: 1.6842
